Optimal Parameter Set
Objective Function : 1.468542E+02
Kal_POROSITY       : 9.982267E-01
Kal_FIELD_CAPACITY : 5.999002E-01
Kal_SAT_WILT       : 5.996199E-01
Kal_HBV_BETA       : 4.035986E+00
Kal_MAX_CAP_RISE_RATE : 9.825656E+01
Kal_MAX_PERC_RATE  : 9.065586E+00
Kal_BASEFLOW_COEFF : 1.051820E-01
Kal_BASEFLOW_N     : 1.165223E+00
